#Coor		Free	+/-		Prob		+/-
2.030000	inf	-nan	0.000000	0.000000
2.090000	inf	-nan	0.000000	0.000000
2.150000	inf	-nan	0.000000	0.000000
2.210000	inf	-nan	0.000000	0.000000
2.270000	inf	-nan	0.000000	0.000000
2.330000	inf	-nan	0.000000	0.000000
2.390000	inf	-nan	0.000000	0.000000
2.450000	inf	-nan	0.000000	0.000000
2.510000	inf	-nan	0.000000	0.000000
2.570000	inf	-nan	0.000000	0.000000
2.630000	inf	-nan	0.000000	0.000000
2.690000	inf	-nan	0.000000	0.000000
2.750000	inf	-nan	0.000000	0.000000
2.810000	inf	-nan	0.000000	0.000000
2.870000	inf	-nan	0.000000	0.000000
2.930000	inf	-nan	0.000000	0.000000
2.990000	7.422569	-nan	0.000000	0.000000
3.050000	5.818746	0.078838	0.000004	0.000001
3.110000	4.283196	0.021901	0.000060	0.000002
3.170000	3.014477	0.009883	0.000518	0.000009
3.230000	2.039065	0.005722	0.002697	0.000026
3.290000	1.326814	0.005205	0.009001	0.000079
3.350000	0.816895	0.004544	0.021333	0.000164
3.410000	0.437471	0.004191	0.040543	0.000287
3.470000	0.184507	0.003411	0.062206	0.000360
3.530000	0.045104	0.003644	0.078757	0.000486
3.590000	0.000000	0.003736	0.085004	0.000538
3.650000	0.022968	0.003759	0.081763	0.000520
3.710000	0.090535	0.003964	0.072929	0.000490
3.770000	0.138214	0.003914	0.067276	0.000445
3.830000	0.208061	0.004120	0.059776	0.000417
3.890000	0.261837	0.004557	0.054576	0.000421
3.950000	0.322405	0.004362	0.049259	0.000363
4.010000	0.381052	0.004547	0.044605	0.000343
4.070000	0.430311	0.004354	0.041037	0.000302
4.130000	0.509266	0.004517	0.035905	0.000274
4.190000	0.586794	0.005187	0.031490	0.000276
4.250000	0.653076	0.005744	0.028149	0.000273
4.310000	0.763941	0.005325	0.023333	0.000210
4.370000	0.865361	0.005669	0.019653	0.000188
4.430000	0.976605	0.005804	0.016281	0.000160
4.490000	1.077955	0.005596	0.013715	0.000130
4.550000	1.225065	0.006048	0.010692	0.000109
4.610000	1.330882	0.006350	0.008939	0.000096
4.670000	1.476814	0.007263	0.006983	0.000086
4.730000	1.596137	0.007230	0.005706	0.000070
4.790000	1.730194	0.007278	0.004548	0.000056
4.850000	1.872136	0.007655	0.003577	0.000046
4.910000	2.009213	0.006963	0.002836	0.000033
4.970000	2.139707	0.007022	0.002274	0.000027
5.030000	2.248637	0.007954	0.001891	0.000025
5.090000	2.410258	0.008218	0.001439	0.000020
5.150000	2.516758	0.008649	0.001202	0.000018
5.210000	2.617578	0.009459	0.001013	0.000016
5.270000	2.714553	0.008955	0.000860	0.000013
5.330000	2.816383	0.009120	0.000724	0.000011
5.390000	2.917422	0.009619	0.000610	0.000010
5.450000	3.008500	0.009325	0.000523	0.000008
5.510000	3.107272	0.009492	0.000442	0.000007
5.570000	3.177903	0.009434	0.000392	0.000006
5.630000	3.294396	0.009577	0.000322	0.000005
5.690000	3.359973	0.010017	0.000288	0.000005
5.750000	3.437355	0.009999	0.000253	0.000004
5.810000	3.489530	0.009778	0.000232	0.000004
5.870000	3.519395	0.009940	0.000220	0.000004
5.930000	3.556222	0.009454	0.000207	0.000003
5.990000	3.585216	0.009617	0.000197	0.000003
6.050000	3.607713	0.010286	0.000190	0.000003
6.110000	3.630507	0.010065	0.000182	0.000003
6.170000	3.646244	0.010288	0.000178	0.000003
6.230000	3.677424	0.010232	0.000169	0.000003
6.290000	3.698937	0.010838	0.000163	0.000003
6.350000	3.715373	0.010496	0.000158	0.000003
6.410000	3.754323	0.010548	0.000148	0.000003
6.470000	3.780041	0.010833	0.000142	0.000003
6.530000	3.806655	0.010627	0.000135	0.000002
6.590000	3.837984	0.010443	0.000128	0.000002
6.650000	3.875497	0.010847	0.000121	0.000002
6.710000	3.898925	0.011063	0.000116	0.000002
6.770000	3.946150	0.010750	0.000107	0.000002
6.830000	3.983444	0.011448	0.000100	0.000002
6.890000	4.031258	0.011308	0.000093	0.000002
6.950000	4.077766	0.011309	0.000086	0.000002
7.010000	4.135445	0.011452	0.000078	0.000002
7.070000	4.180258	0.011768	0.000072	0.000001
7.130000	4.216922	0.011451	0.000068	0.000001
7.190000	4.277405	0.011798	0.000061	0.000001
7.250000	4.319210	0.011513	0.000057	0.000001
7.310000	4.380770	0.012188	0.000051	0.000001
7.370000	4.427951	0.011785	0.000047	0.000001
7.430000	4.488361	0.011858	0.000043	0.000001
7.490000	4.539241	0.011794	0.000039	0.000001
7.550000	4.589427	0.012686	0.000036	0.000001
7.610000	4.641418	0.012269	0.000033	0.000001
7.670000	4.681089	0.012110	0.000031	0.000001
7.730000	4.732944	0.012863	0.000028	0.000001
7.790000	4.805749	0.013474	0.000025	0.000001
7.850000	4.857401	0.012635	0.000023	0.000000
7.910000	4.914223	0.013526	0.000021	0.000000
7.970000	4.973593	0.012705	0.000019	0.000000
8.030000	5.028358	0.013680	0.000017	0.000000
8.090000	5.061452	0.013406	0.000016	0.000000
8.150000	5.141623	0.013282	0.000014	0.000000
8.210000	5.178529	0.013531	0.000013	0.000000
8.270000	5.247756	0.013835	0.000012	0.000000
8.330000	5.319112	0.013910	0.000010	0.000000
8.390000	5.382868	0.013924	0.000009	0.000000
8.450000	5.440513	0.013739	0.000009	0.000000
8.510000	5.494680	0.014006	0.000008	0.000000
8.570000	5.583343	0.013294	0.000007	0.000000
8.630000	5.635202	0.013941	0.000006	0.000000
8.690000	5.684587	0.013947	0.000006	0.000000
8.750000	5.749468	0.014148	0.000005	0.000000
8.810000	5.809685	0.014490	0.000005	0.000000
8.870000	5.875682	0.014618	0.000004	0.000000
8.930000	5.923801	0.014383	0.000004	0.000000
8.990000	5.981017	0.014190	0.000003	0.000000
9.050000	6.020986	0.014336	0.000003	0.000000
9.110000	6.083333	0.014177	0.000003	0.000000
9.170000	6.107457	0.014545	0.000003	0.000000
9.230000	6.169220	0.014402	0.000002	0.000000
9.290000	6.189169	0.014566	0.000002	0.000000
9.350000	6.203799	0.015562	0.000002	0.000000
9.410000	6.206410	0.014268	0.000002	0.000000
9.470000	6.231059	0.014837	0.000002	0.000000
9.530000	6.233079	0.014805	0.000002	0.000000
9.590000	6.230735	0.014615	0.000002	0.000000
9.650000	6.258750	0.015541	0.000002	0.000000
9.710000	6.254190	0.015714	0.000002	0.000000
9.770000	6.244065	0.015976	0.000002	0.000000
9.830000	6.233856	0.015756	0.000002	0.000000
9.890000	6.226644	0.015477	0.000002	0.000000
9.950000	6.216098	0.016145	0.000002	0.000000
10.010000	6.209368	0.015131	0.000002	0.000000
10.070000	6.193460	0.015778	0.000002	0.000000
10.130000	6.191135	0.016030	0.000002	0.000000
10.190000	6.172872	0.015601	0.000002	0.000000
10.250000	6.156013	0.016006	0.000003	0.000000
10.310000	6.151570	0.016647	0.000003	0.000000
10.370000	6.146429	0.016543	0.000003	0.000000
10.430000	6.138250	0.016676	0.000003	0.000000
10.490000	6.126490	0.017195	0.000003	0.000000
10.550000	6.113182	0.016424	0.000003	0.000000
10.610000	6.113357	0.016584	0.000003	0.000000
10.670000	6.102517	0.017212	0.000003	0.000000
10.730000	6.082234	0.016990	0.000003	0.000000
10.790000	6.095054	0.017839	0.000003	0.000000
10.850000	6.092143	0.017435	0.000003	0.000000
10.910000	6.077006	0.016992	0.000003	0.000000
10.970000	6.084148	0.017105	0.000003	0.000000
11.030000	6.087118	0.018291	0.000003	0.000000
11.090000	6.078694	0.017069	0.000003	0.000000
11.150000	6.081666	0.017651	0.000003	0.000000
11.210000	6.067887	0.017786	0.000003	0.000000
11.270000	6.068579	0.018405	0.000003	0.000000
11.330000	6.074052	0.018145	0.000003	0.000000
11.390000	6.077934	0.018546	0.000003	0.000000
11.450000	6.078384	0.018411	0.000003	0.000000
11.510000	6.088416	0.018611	0.000003	0.000000
11.570000	6.083315	0.018421	0.000003	0.000000
11.630000	6.086243	0.018291	0.000003	0.000000
11.690000	6.081445	0.018230	0.000003	0.000000
11.750000	6.088180	0.019445	0.000003	0.000000
11.810000	6.089324	0.018869	0.000003	0.000000
11.870000	6.083130	0.018985	0.000003	0.000000
11.930000	6.103338	0.019110	0.000003	0.000000
11.990000	6.108395	0.019317	0.000003	0.000000
12.050000	6.120213	0.018737	0.000003	0.000000
12.110000	6.121930	0.019090	0.000003	0.000000
12.170000	6.120507	0.019517	0.000003	0.000000
12.230000	6.126853	0.020040	0.000003	0.000000
12.290000	6.135307	0.019649	0.000003	0.000000
12.350000	6.130214	0.020010	0.000003	0.000000
12.410000	6.146625	0.019285	0.000003	0.000000
12.470000	6.159411	0.019698	0.000003	0.000000
12.530000	6.159464	0.019529	0.000003	0.000000
12.590000	6.160532	0.019549	0.000003	0.000000
12.650000	6.159602	0.019513	0.000003	0.000000
12.710000	6.159051	0.019551	0.000003	0.000000
12.770000	6.160166	0.019810	0.000003	0.000000
12.830000	6.150273	0.020593	0.000003	0.000000
12.890000	6.155533	0.020109	0.000003	0.000000
12.950000	6.148998	0.020655	0.000003	0.000000
13.010000	6.147763	0.020314	0.000003	0.000000
13.070000	6.137913	0.019967	0.000003	0.000000
13.130000	6.131096	0.020141	0.000003	0.000000
13.190000	6.130255	0.020429	0.000003	0.000000
13.250000	6.120550	0.020914	0.000003	0.000000
13.310000	6.121988	0.020944	0.000003	0.000000
13.370000	6.124726	0.021083	0.000003	0.000000
13.430000	6.125087	0.020943	0.000003	0.000000
13.490000	6.130056	0.020761	0.000003	0.000000
13.550000	6.116560	0.021332	0.000003	0.000000
13.610000	6.109903	0.021038	0.000003	0.000000
13.670000	6.103610	0.020726	0.000003	0.000000
13.730000	6.099070	0.020908	0.000003	0.000000
13.790000	6.089069	0.021333	0.000003	0.000000
13.850000	6.081841	0.021906	0.000003	0.000000
13.910000	6.079229	0.020909	0.000003	0.000000
13.970000	6.076366	0.021629	0.000003	0.000000
14.030000	6.073493	0.021633	0.000003	0.000000
14.090000	6.069661	0.021772	0.000003	0.000000
14.150000	6.065137	0.021791	0.000003	0.000000
14.210000	6.057074	0.021756	0.000003	0.000000
14.270000	6.055924	0.021673	0.000003	0.000000
14.330000	6.049468	0.021287	0.000003	0.000000
14.390000	6.037735	0.021967	0.000003	0.000000
14.450000	6.037992	0.021685	0.000003	0.000000
14.510000	6.032624	0.021568	0.000003	0.000000
14.570000	6.024928	0.021457	0.000003	0.000000
14.630000	6.004978	0.021521	0.000003	0.000000
14.690000	6.008143	0.022002	0.000003	0.000000
14.750000	5.990131	0.022233	0.000003	0.000000
14.810000	5.994862	0.022545	0.000003	0.000000
14.870000	5.992426	0.022802	0.000003	0.000000
14.930000	5.991337	0.022455	0.000003	0.000000
14.990000	5.994932	0.022819	0.000003	0.000000
15.050000	5.990990	0.023048	0.000003	0.000000
15.110000	5.985014	0.023255	0.000003	0.000000
15.170000	5.974302	0.023308	0.000003	0.000000
15.230000	5.969505	0.022668	0.000003	0.000000
15.290000	5.962640	0.022959	0.000004	0.000000
15.350000	5.949412	0.022874	0.000004	0.000000
15.410000	5.957457	0.022605	0.000004	0.000000
15.470000	5.943998	0.023470	0.000004	0.000000
15.530000	5.940654	0.023037	0.000004	0.000000
15.590000	5.934397	0.022719	0.000004	0.000000
15.650000	5.914839	0.022577	0.000004	0.000000
15.710000	5.918564	0.022904	0.000004	0.000000
15.770000	5.897885	0.022849	0.000004	0.000000
15.830000	5.901487	0.023035	0.000004	0.000000
15.890000	5.900600	0.022910	0.000004	0.000000
15.950000	5.901163	0.023389	0.000004	0.000000
16.010000	5.900124	0.022578	0.000004	0.000000
16.070000	5.896715	0.022955	0.000004	0.000000
16.130000	5.894431	0.023026	0.000004	0.000000
16.190000	5.880208	0.023289	0.000004	0.000000
16.250000	5.874599	0.023610	0.000004	0.000000
16.310000	5.874076	0.023357	0.000004	0.000000
16.370000	5.868638	0.023535	0.000004	0.000000
16.430000	5.886992	0.023539	0.000004	0.000000
16.490000	5.872106	0.023667	0.000004	0.000000
16.550000	5.857361	0.023222	0.000004	0.000000
16.610000	5.873133	0.023622	0.000004	0.000000
16.670000	5.849886	0.023116	0.000004	0.000000
16.730000	5.846309	0.023446	0.000004	0.000000
16.790000	5.843676	0.023545	0.000004	0.000000
16.850000	5.844086	0.023846	0.000004	0.000000
16.910000	5.848730	0.023240	0.000004	0.000000
16.970000	5.848493	0.023566	0.000004	0.000000
17.030000	5.839540	0.023484	0.000004	0.000000
17.090000	5.837220	0.023556	0.000004	0.000000
17.150000	5.835873	0.023383	0.000004	0.000000
17.210000	5.807844	0.023004	0.000005	0.000000
17.270000	5.833262	0.023730	0.000004	0.000000
17.330000	5.827615	0.023933	0.000004	0.000000
17.390000	5.820212	0.023384	0.000004	0.000000
17.450000	5.804022	0.023157	0.000005	0.000000
17.510000	5.814016	0.023774	0.000005	0.000000
17.570000	5.795811	0.023445	0.000005	0.000000
17.630000	5.793065	0.023341	0.000005	0.000000
17.690000	5.784609	0.023784	0.000005	0.000000
17.750000	5.784994	0.023795	0.000005	0.000000
17.810000	5.781291	0.023905	0.000005	0.000000
17.870000	5.776186	0.024066	0.000005	0.000000
17.930000	5.771311	0.023848	0.000005	0.000000
17.990000	5.775473	0.023840	0.000005	0.000000
18.050000	5.769633	0.024066	0.000005	0.000000
18.110000	5.763892	0.024163	0.000005	0.000000
18.170000	5.748846	0.023750	0.000005	0.000000
18.230000	5.738315	0.024539	0.000005	0.000000
18.290000	5.743789	0.024376	0.000005	0.000000
18.350000	5.749003	0.024562	0.000005	0.000000
18.410000	5.744424	0.024366	0.000005	0.000000
18.470000	5.735724	0.024632	0.000005	0.000000
18.530000	5.733311	0.024776	0.000005	0.000000
18.590000	5.724608	0.024797	0.000005	0.000000
18.650000	5.714514	0.025234	0.000005	0.000000
18.710000	5.714812	0.025539	0.000005	0.000000
18.770000	5.709401	0.024735	0.000005	0.000000
18.830000	5.692140	0.025145	0.000006	0.000000
18.890000	5.699030	0.025504	0.000006	0.000000
18.950000	5.685799	0.025104	0.000006	0.000000
19.010000	5.678621	0.025268	0.000006	0.000000
19.070000	5.679979	0.024767	0.000006	0.000000
19.130000	5.682114	0.025349	0.000006	0.000000
19.190000	5.664892	0.024852	0.000006	0.000000
19.250000	5.655966	0.025165	0.000006	0.000000
19.310000	5.661036	0.025054	0.000006	0.000000
19.370000	5.649329	0.024807	0.000006	0.000000
19.430000	5.641453	0.025037	0.000006	0.000000
19.490000	5.652989	0.024942	0.000006	0.000000
19.550000	5.655717	0.024735	0.000006	0.000000
19.610000	5.643987	0.025156	0.000006	0.000000
19.670000	5.651405	0.025132	0.000006	0.000000
19.730000	5.645287	0.025492	0.000006	0.000000
19.790000	5.651484	0.025380	0.000006	0.000000
19.850000	5.648899	0.024560	0.000006	0.000000
19.910000	5.651115	0.024881	0.000006	0.000000
19.970000	5.645982	0.025270	0.000006	0.000000
#Window		Free	+/-	
#0	0.000000	0.000000
#1	-0.080124	0.004318
#2	-0.122718	0.006709
#3	-0.124488	0.008336
#4	-0.097575	0.010347
#5	-0.055498	0.011385
#6	-0.062331	0.012565
#7	-0.089026	0.013427
#8	-0.131359	0.014017
#9	-0.177314	0.014257
#10	-0.218437	0.015538
#11	-0.265943	0.015963
#12	-0.309336	0.016607
#13	-0.338238	0.017402
#14	-0.365973	0.017456
#15	-0.399851	0.017624
#16	-0.437765	0.018035
#17	-0.474332	0.018923
#18	-0.521510	0.019684
#19	-0.553340	0.019343
#20	-0.147451	0.019210
#21	-3.841024	0.015962
#22	-5.947180	0.015627
#23	-5.851014	0.015326
#24	-5.163128	0.014816
#25	-4.131160	0.014113
#26	-3.191747	0.013625
#27	-2.641276	0.013045
#28	-2.412884	0.012477
#29	-2.097151	0.011800
#30	-1.680232	0.011023
#31	-1.231532	0.010015
#32	-0.738920	0.009011
#33	-0.249723	0.006987
#34	0.012064	0.004317
