#Coor		Free	+/-		Prob		+/-
2.712938	inf	nan	0.000000	0.000000
2.738813	inf	nan	0.000000	0.000000
2.764687	inf	nan	0.000000	0.000000
2.790563	inf	nan	0.000000	0.000000
2.816438	inf	nan	0.000000	0.000000
2.842313	inf	nan	0.000000	0.000000
2.868188	inf	nan	0.000000	0.000000
2.894062	inf	nan	0.000000	0.000000
2.919938	inf	nan	0.000000	0.000000
2.945813	inf	nan	0.000000	0.000000
2.971688	inf	nan	0.000000	0.000000
2.997563	inf	nan	0.000000	0.000000
3.023438	inf	nan	0.000000	0.000000
3.049313	inf	nan	0.000000	0.000000
3.075188	9.938042	nan	0.000000	0.000000
3.101063	8.833805	0.128634	0.000000	0.000000
3.126938	7.726287	0.058450	0.000000	0.000000
3.152813	6.969190	0.035378	0.000000	0.000000
3.178688	6.163653	0.021927	0.000000	0.000000
3.204563	5.507391	0.020711	0.000000	0.000000
3.230438	4.889902	0.019519	0.000001	0.000000
3.256312	4.377978	0.018273	0.000002	0.000000
3.282188	3.917964	0.017847	0.000004	0.000000
3.308063	3.513159	0.017594	0.000008	0.000000
3.333938	3.163373	0.017476	0.000015	0.000000
3.359813	2.864325	0.017814	0.000025	0.000001
3.385688	2.610671	0.017726	0.000038	0.000001
3.411563	2.400477	0.017525	0.000055	0.000002
3.437438	2.217893	0.017317	0.000074	0.000002
3.463313	2.074267	0.017033	0.000095	0.000003
3.489187	1.956740	0.017513	0.000116	0.000003
3.515062	1.863712	0.017559	0.000135	0.000004
3.540938	1.793388	0.017042	0.000152	0.000004
3.566813	1.747684	0.017569	0.000165	0.000005
3.592688	1.717375	0.017599	0.000173	0.000005
3.618563	1.709897	0.017262	0.000175	0.000005
3.644437	1.702144	0.016783	0.000178	0.000005
3.670313	1.714750	0.017464	0.000174	0.000005
3.696188	1.735786	0.017346	0.000168	0.000005
3.722062	1.763802	0.017419	0.000160	0.000005
3.747937	1.795434	0.017327	0.000152	0.000004
3.773813	1.841330	0.017892	0.000140	0.000004
3.799688	1.886221	0.017483	0.000130	0.000004
3.825563	1.936849	0.017340	0.000120	0.000004
3.851438	2.000790	0.017799	0.000107	0.000003
3.877313	2.054259	0.017736	0.000098	0.000003
3.903188	2.118368	0.017626	0.000088	0.000003
3.929063	2.182924	0.016961	0.000079	0.000002
3.954938	2.254091	0.017573	0.000070	0.000002
3.980812	2.320197	0.017825	0.000062	0.000002
4.006687	2.393720	0.016968	0.000055	0.000002
4.032563	2.466561	0.018414	0.000049	0.000002
4.058438	2.538072	0.017631	0.000043	0.000001
4.084313	2.602033	0.017398	0.000039	0.000001
4.110188	2.663397	0.016745	0.000035	0.000001
4.136063	2.732545	0.017087	0.000031	0.000001
4.161938	2.810763	0.017282	0.000027	0.000001
4.187812	2.865917	0.017504	0.000025	0.000001
4.213687	2.928498	0.017669	0.000022	0.000001
4.239562	2.992496	0.017411	0.000020	0.000001
4.265437	3.071147	0.017674	0.000018	0.000001
4.291313	3.137443	0.016940	0.000016	0.000000
4.317188	3.192253	0.016880	0.000014	0.000000
4.343063	3.252219	0.017794	0.000013	0.000000
4.368938	3.341803	0.017252	0.000011	0.000000
4.394813	3.397510	0.017551	0.000010	0.000000
4.420687	3.464276	0.017005	0.000009	0.000000
4.446563	3.519121	0.016959	0.000008	0.000000
4.472437	3.591169	0.016515	0.000007	0.000000
4.498312	3.631978	0.017954	0.000007	0.000000
4.524188	3.707879	0.017209	0.000006	0.000000
4.550063	3.765696	0.017863	0.000005	0.000000
4.575938	3.833030	0.017033	0.000005	0.000000
4.601813	3.881654	0.017080	0.000004	0.000000
4.627688	3.942107	0.018037	0.000004	0.000000
4.653562	4.016725	0.017289	0.000004	0.000000
4.679438	4.051941	0.017355	0.000003	0.000000
4.705312	4.109329	0.016782	0.000003	0.000000
4.731187	4.149322	0.016486	0.000003	0.000000
4.757062	4.194348	0.016789	0.000003	0.000000
4.782938	4.240398	0.016407	0.000002	0.000000
4.808813	4.283008	0.016784	0.000002	0.000000
4.834688	4.319024	0.016905	0.000002	0.000000
4.860563	4.364647	0.017237	0.000002	0.000000
4.886437	4.378417	0.016810	0.000002	0.000000
4.912313	4.408134	0.016719	0.000002	0.000000
4.938187	4.433450	0.016014	0.000002	0.000000
4.964063	4.461855	0.016824	0.000002	0.000000
4.989937	4.474713	0.016593	0.000002	0.000000
5.015813	4.493543	0.016864	0.000002	0.000000
5.041688	4.502872	0.016717	0.000002	0.000000
5.067563	4.518388	0.017083	0.000002	0.000000
5.093438	4.528776	0.016659	0.000001	0.000000
5.119312	4.528748	0.017373	0.000001	0.000000
5.145188	4.542794	0.016960	0.000001	0.000000
5.171062	4.524470	0.017503	0.000001	0.000000
5.196938	4.509484	0.016323	0.000002	0.000000
5.222812	4.514448	0.016949	0.000002	0.000000
5.248687	4.506039	0.016726	0.000002	0.000000
5.274563	4.473141	0.016658	0.000002	0.000000
5.300438	4.461694	0.016383	0.000002	0.000000
5.326313	4.447486	0.016531	0.000002	0.000000
5.352187	4.408346	0.016056	0.000002	0.000000
5.378063	4.382822	0.016353	0.000002	0.000000
5.403937	4.354288	0.016029	0.000002	0.000000
5.429813	4.315509	0.016502	0.000002	0.000000
5.455687	4.291539	0.015437	0.000002	0.000000
5.481562	4.238898	0.015472	0.000002	0.000000
5.507437	4.207269	0.015743	0.000003	0.000000
5.533313	4.170057	0.015933	0.000003	0.000000
5.559188	4.127283	0.016000	0.000003	0.000000
5.585062	4.083124	0.015990	0.000003	0.000000
5.610938	4.038886	0.014774	0.000003	0.000000
5.636812	3.999577	0.015635	0.000004	0.000000
5.662688	3.937369	0.016345	0.000004	0.000000
5.688562	3.913426	0.015946	0.000004	0.000000
5.714437	3.865155	0.015276	0.000005	0.000000
5.740312	3.822151	0.015916	0.000005	0.000000
5.766188	3.775006	0.015279	0.000005	0.000000
5.792063	3.738409	0.015129	0.000006	0.000000
5.817938	3.698459	0.015747	0.000006	0.000000
5.843813	3.651552	0.015850	0.000007	0.000000
5.869687	3.609796	0.015631	0.000007	0.000000
5.895563	3.568521	0.015230	0.000008	0.000000
5.921437	3.522682	0.015222	0.000008	0.000000
5.947313	3.489615	0.015551	0.000009	0.000000
5.973187	3.445161	0.015765	0.000009	0.000000
5.999062	3.412841	0.014896	0.000010	0.000000
6.024938	3.374148	0.015039	0.000010	0.000000
6.050813	3.337464	0.015517	0.000011	0.000000
6.076688	3.293920	0.015487	0.000012	0.000000
6.102562	3.256357	0.015354	0.000013	0.000000
6.128438	3.228549	0.015237	0.000013	0.000000
6.154312	3.193548	0.015232	0.000014	0.000000
6.180188	3.170618	0.014954	0.000015	0.000000
6.206062	3.125867	0.015043	0.000016	0.000000
6.231937	3.105502	0.015457	0.000017	0.000000
6.257812	3.075100	0.015980	0.000017	0.000000
6.283688	3.056109	0.015434	0.000018	0.000000
6.309563	3.022070	0.014637	0.000019	0.000000
6.335437	2.994580	0.014914	0.000020	0.000001
6.361313	2.972429	0.014817	0.000021	0.000001
6.387187	2.955701	0.015034	0.000021	0.000001
6.413063	2.921707	0.014972	0.000023	0.000001
6.438937	2.901825	0.014766	0.000023	0.000001
6.464812	2.874109	0.014862	0.000024	0.000001
6.490687	2.855920	0.014371	0.000025	0.000001
6.516563	2.834416	0.014509	0.000026	0.000001
6.542438	2.796312	0.014607	0.000028	0.000001
6.568312	2.774177	0.014805	0.000029	0.000001
6.594188	2.749187	0.015054	0.000030	0.000001
6.620062	2.739216	0.015570	0.000031	0.000001
6.645938	2.704655	0.014777	0.000033	0.000001
6.671812	2.688797	0.015632	0.000033	0.000001
6.697687	2.660004	0.014884	0.000035	0.000001
6.723562	2.642909	0.014685	0.000036	0.000001
6.749437	2.623675	0.014942	0.000037	0.000001
6.775313	2.611410	0.015171	0.000038	0.000001
6.801188	2.580665	0.014764	0.000040	0.000001
6.827063	2.583804	0.014240	0.000040	0.000001
6.852938	2.563729	0.014490	0.000041	0.000001
6.878812	2.545496	0.014029	0.000043	0.000001
6.904687	2.532358	0.014510	0.000044	0.000001
6.930562	2.522220	0.014879	0.000044	0.000001
6.956437	2.510908	0.014338	0.000045	0.000001
6.982312	2.508924	0.015188	0.000045	0.000001
7.008188	2.499419	0.013748	0.000046	0.000001
7.034063	2.488566	0.014072	0.000047	0.000001
7.059938	2.481139	0.013709	0.000048	0.000001
7.085813	2.472521	0.014174	0.000048	0.000001
7.111688	2.477303	0.014657	0.000048	0.000001
7.137562	2.472173	0.014543	0.000048	0.000001
7.163437	2.466480	0.015110	0.000049	0.000001
7.189312	2.471551	0.014344	0.000048	0.000001
7.215187	2.465512	0.014640	0.000049	0.000001
7.241062	2.464618	0.013677	0.000049	0.000001
7.266938	2.467893	0.014747	0.000049	0.000001
7.292813	2.457959	0.013880	0.000049	0.000001
7.318688	2.467231	0.014216	0.000049	0.000001
7.344563	2.476419	0.013971	0.000048	0.000001
7.370437	2.475574	0.014438	0.000048	0.000001
7.396312	2.489864	0.013753	0.000047	0.000001
7.422187	2.481956	0.014293	0.000048	0.000001
7.448062	2.502314	0.014183	0.000046	0.000001
7.473937	2.505297	0.014023	0.000046	0.000001
7.499812	2.499094	0.013999	0.000046	0.000001
7.525688	2.515805	0.014707	0.000045	0.000001
7.551563	2.515071	0.014807	0.000045	0.000001
7.577438	2.517933	0.013382	0.000045	0.000001
7.603313	2.527089	0.014272	0.000044	0.000001
7.629187	2.537674	0.014491	0.000043	0.000001
7.655062	2.540104	0.014247	0.000043	0.000001
7.680937	2.543218	0.014739	0.000043	0.000001
7.706812	2.548103	0.014507	0.000042	0.000001
7.732687	2.552670	0.014531	0.000042	0.000001
7.758563	2.542741	0.014131	0.000043	0.000001
7.784438	2.531548	0.013300	0.000044	0.000001
7.810313	2.521749	0.013971	0.000044	0.000001
7.836188	2.518307	0.013620	0.000045	0.000001
7.862062	2.502903	0.013918	0.000046	0.000001
7.887937	2.485785	0.013621	0.000047	0.000001
7.913812	2.474440	0.014270	0.000048	0.000001
7.939687	2.454503	0.013720	0.000050	0.000001
7.965562	2.443689	0.013371	0.000051	0.000001
7.991437	2.429474	0.014222	0.000052	0.000001
8.017312	2.400816	0.014183	0.000055	0.000001
8.043188	2.388253	0.014889	0.000056	0.000001
8.069063	2.361508	0.014466	0.000058	0.000001
8.094938	2.336079	0.013862	0.000061	0.000001
8.120812	2.302838	0.013999	0.000064	0.000002
8.146687	2.282378	0.014292	0.000067	0.000002
8.172562	2.251876	0.014742	0.000070	0.000002
8.198438	2.220824	0.014702	0.000074	0.000002
8.224312	2.197897	0.015146	0.000077	0.000002
8.250187	2.160648	0.014070	0.000082	0.000002
8.276063	2.130485	0.013787	0.000086	0.000002
8.301938	2.117942	0.014455	0.000088	0.000002
8.327813	2.079379	0.013569	0.000094	0.000002
8.353687	2.055031	0.013604	0.000098	0.000002
8.379562	2.013099	0.014257	0.000105	0.000003
8.405437	1.971074	0.013388	0.000113	0.000003
8.431313	1.951988	0.013557	0.000117	0.000003
8.457187	1.920640	0.013823	0.000123	0.000003
8.483062	1.890698	0.013521	0.000129	0.000003
8.508938	1.857575	0.013495	0.000137	0.000003
8.534813	1.827833	0.013473	0.000144	0.000003
8.560688	1.804625	0.013482	0.000149	0.000003
8.586562	1.778830	0.013419	0.000156	0.000004
8.612437	1.748379	0.013616	0.000164	0.000004
8.638312	1.733631	0.013425	0.000169	0.000004
8.664188	1.700078	0.013625	0.000178	0.000004
8.690062	1.684121	0.013480	0.000183	0.000004
8.715937	1.655416	0.013179	0.000192	0.000004
8.741812	1.625912	0.013087	0.000202	0.000004
8.767688	1.604363	0.013208	0.000210	0.000005
8.793563	1.572599	0.012890	0.000221	0.000005
8.819437	1.552751	0.013080	0.000229	0.000005
8.845312	1.532831	0.012785	0.000237	0.000005
8.871187	1.500027	0.013005	0.000250	0.000006
8.897063	1.487922	0.013199	0.000256	0.000006
8.922937	1.464774	0.012387	0.000266	0.000006
8.948812	1.435249	0.013117	0.000279	0.000006
8.974687	1.422462	0.012852	0.000285	0.000006
9.000563	1.404865	0.012825	0.000294	0.000006
9.026438	1.370417	0.012861	0.000312	0.000007
9.052312	1.353089	0.013161	0.000321	0.000007
9.078188	1.329563	0.013447	0.000334	0.000008
9.104062	1.313412	0.013177	0.000343	0.000008
9.129938	1.283354	0.013141	0.000361	0.000008
9.155812	1.280721	0.012813	0.000363	0.000008
9.181687	1.250581	0.012515	0.000382	0.000008
9.207562	1.223286	0.012268	0.000400	0.000008
9.233438	1.205399	0.013086	0.000412	0.000009
9.259313	1.183410	0.012557	0.000428	0.000009
9.285187	1.152480	0.012479	0.000451	0.000010
9.311063	1.132762	0.013005	0.000466	0.000010
9.336937	1.112166	0.012399	0.000483	0.000010
9.362813	1.089778	0.012880	0.000501	0.000011
9.388687	1.069538	0.012469	0.000519	0.000011
9.414562	1.030823	0.012742	0.000554	0.000012
9.440437	1.015749	0.011788	0.000568	0.000011
9.466313	0.996849	0.012614	0.000587	0.000013
9.492188	0.970796	0.012458	0.000613	0.000013
9.518062	0.955173	0.012169	0.000629	0.000013
9.543938	0.931583	0.012258	0.000655	0.000014
9.569812	0.902637	0.012482	0.000688	0.000015
9.595688	0.893820	0.013011	0.000698	0.000015
9.621562	0.874723	0.011787	0.000721	0.000014
9.647437	0.850228	0.012870	0.000752	0.000016
9.673312	0.829417	0.012596	0.000779	0.000017
9.699188	0.823230	0.011883	0.000787	0.000016
9.725062	0.793896	0.012104	0.000827	0.000017
9.750937	0.785075	0.012349	0.000839	0.000018
9.776813	0.772544	0.011362	0.000857	0.000017
9.802688	0.744458	0.012318	0.000899	0.000019
9.828563	0.748026	0.012677	0.000894	0.000019
9.854437	0.725872	0.012655	0.000928	0.000020
9.880312	0.717617	0.012096	0.000941	0.000019
9.906187	0.712735	0.012078	0.000949	0.000019
9.932063	0.697343	0.011762	0.000974	0.000019
9.957937	0.684838	0.011724	0.000995	0.000020
9.983812	0.681235	0.011857	0.001001	0.000020
10.009688	0.666109	0.012065	0.001027	0.000021
10.035563	0.665010	0.012126	0.001028	0.000021
10.061438	0.662231	0.012280	0.001033	0.000021
10.087312	0.648333	0.012020	0.001058	0.000022
10.113187	0.648409	0.012217	0.001058	0.000022
10.139062	0.636746	0.011862	0.001079	0.000022
10.164938	0.618989	0.012432	0.001112	0.000023
10.190812	0.617974	0.011777	0.001114	0.000022
10.216687	0.600927	0.012112	0.001146	0.000024
10.242563	0.587580	0.012321	0.001172	0.000025
10.268438	0.577389	0.011799	0.001193	0.000024
10.294313	0.570123	0.011330	0.001208	0.000023
10.320187	0.554956	0.012080	0.001239	0.000025
10.346062	0.549317	0.012539	0.001251	0.000027
10.371937	0.541799	0.012093	0.001267	0.000026
10.397813	0.524946	0.012245	0.001304	0.000027
10.423687	0.505581	0.011145	0.001347	0.000025
10.449562	0.497289	0.011323	0.001366	0.000026
10.475437	0.482629	0.011583	0.001400	0.000028
10.501313	0.464809	0.011071	0.001443	0.000027
10.527188	0.460558	0.012060	0.001454	0.000030
10.553062	0.443435	0.011574	0.001496	0.000029
10.578937	0.426823	0.011834	0.001539	0.000031
10.604812	0.416077	0.011657	0.001567	0.000031
10.630688	0.397559	0.011534	0.001617	0.000032
10.656562	0.368559	0.011601	0.001699	0.000033
10.682437	0.365667	0.011370	0.001707	0.000033
10.708312	0.358325	0.012111	0.001728	0.000035
10.734188	0.342219	0.010873	0.001776	0.000033
10.760063	0.323276	0.011074	0.001834	0.000034
10.785937	0.314750	0.011214	0.001860	0.000035
10.811812	0.290700	0.010690	0.001938	0.000035
10.837688	0.283633	0.010472	0.001961	0.000035
10.863563	0.269881	0.011285	0.002007	0.000038
10.889437	0.255087	0.010773	0.002058	0.000038
10.915312	0.247164	0.010952	0.002086	0.000039
10.941187	0.231246	0.010759	0.002143	0.000039
10.967063	0.219398	0.010841	0.002186	0.000040
10.992938	0.214307	0.010744	0.002205	0.000040
11.018812	0.207512	0.010959	0.002231	0.000042
11.044687	0.193027	0.010513	0.002286	0.000041
11.070563	0.185865	0.010944	0.002314	0.000043
11.096438	0.165777	0.011312	0.002394	0.000046
11.122312	0.155207	0.010740	0.002437	0.000044
11.148187	0.157955	0.010854	0.002426	0.000045
11.174062	0.150578	0.011355	0.002456	0.000047
11.199938	0.139379	0.011422	0.002503	0.000049
11.225812	0.141340	0.011155	0.002495	0.000047
11.251687	0.147360	0.011007	0.002470	0.000046
11.277562	0.130591	0.010695	0.002541	0.000046
11.303438	0.123144	0.010434	0.002573	0.000046
11.329313	0.130310	0.011120	0.002542	0.000048
11.355187	0.131463	0.011094	0.002537	0.000048
11.381062	0.133275	0.010309	0.002529	0.000044
11.406938	0.133974	0.010130	0.002526	0.000043
11.432813	0.141274	0.010270	0.002495	0.000043
11.458687	0.154498	0.011472	0.002440	0.000048
11.484562	0.147559	0.010832	0.002469	0.000045
11.510437	0.144994	0.010748	0.002480	0.000045
11.536313	0.172994	0.010641	0.002365	0.000043
11.562188	0.178062	0.011105	0.002345	0.000044
11.588062	0.169188	0.011408	0.002380	0.000046
11.613937	0.180238	0.010201	0.002336	0.000040
11.639813	0.188568	0.010667	0.002303	0.000042
11.665688	0.192758	0.010747	0.002287	0.000042
11.691562	0.207306	0.011103	0.002231	0.000042
11.717437	0.211575	0.010212	0.002215	0.000038
11.743312	0.235186	0.010561	0.002129	0.000038
11.769188	0.245812	0.010241	0.002091	0.000036
11.795063	0.249651	0.010414	0.002077	0.000037
11.820937	0.266144	0.010078	0.002020	0.000035
11.846812	0.264860	0.010211	0.002024	0.000035
11.872688	0.285376	0.009613	0.001955	0.000032
11.898563	0.298551	0.010352	0.001912	0.000034
11.924437	0.317908	0.010295	0.001851	0.000032
11.950312	0.312356	0.010214	0.001868	0.000032
11.976187	0.324165	0.010300	0.001831	0.000032
12.002063	0.342678	0.010006	0.001775	0.000030
12.027938	0.357182	0.009983	0.001732	0.000029
12.053812	0.363477	0.010485	0.001713	0.000030
12.079687	0.364168	0.010052	0.001711	0.000029
12.105563	0.378666	0.009746	0.001670	0.000028
12.131438	0.395588	0.010744	0.001623	0.000030
12.157312	0.398960	0.009574	0.001613	0.000026
12.183187	0.398357	0.009881	0.001615	0.000027
12.209062	0.414870	0.010548	0.001571	0.000028
12.234938	0.422014	0.010539	0.001552	0.000028
12.260813	0.436780	0.009835	0.001513	0.000025
12.286687	0.448942	0.010494	0.001483	0.000026
12.312562	0.445944	0.009379	0.001490	0.000024
12.338438	0.466638	0.009901	0.001439	0.000024
12.364313	0.465704	0.009766	0.001441	0.000024
12.390187	0.479135	0.009409	0.001409	0.000023
12.416062	0.479235	0.009723	0.001408	0.000023
12.441937	0.500952	0.009361	0.001358	0.000022
12.467813	0.501054	0.010273	0.001357	0.000024
12.493688	0.507721	0.010335	0.001342	0.000024
12.519562	0.516517	0.010253	0.001322	0.000023
12.545437	0.516971	0.010122	0.001321	0.000023
12.571313	0.523098	0.009880	0.001308	0.000022
12.597188	0.524614	0.009663	0.001304	0.000021
12.623062	0.542919	0.010423	0.001265	0.000022
12.648937	0.538743	0.009987	0.001274	0.000022
12.674812	0.551297	0.010470	0.001247	0.000022
12.700688	0.544435	0.009832	0.001261	0.000021
12.726562	0.571820	0.010029	0.001204	0.000021
12.752437	0.574078	0.009834	0.001200	0.000020
12.778312	0.569591	0.010365	0.001209	0.000021
12.804188	0.589730	0.009638	0.001168	0.000019
12.830063	0.594639	0.010233	0.001159	0.000020
12.855937	0.590219	0.009338	0.001167	0.000018
12.881812	0.604227	0.009885	0.001140	0.000019
12.907687	0.604909	0.009208	0.001139	0.000018
12.933563	0.614306	0.009419	0.001121	0.000018
12.959437	0.614132	0.009470	0.001121	0.000018
12.985312	0.607314	0.009882	0.001134	0.000019
13.011187	0.624927	0.010322	0.001101	0.000019
13.037063	0.626632	0.009560	0.001098	0.000018
13.062938	0.635555	0.009895	0.001081	0.000018
13.088812	0.622793	0.009897	0.001105	0.000019
13.114687	0.637241	0.009667	0.001078	0.000018
13.140562	0.640452	0.009814	0.001072	0.000018
13.166438	0.637544	0.009800	0.001077	0.000018
13.192312	0.642622	0.009149	0.001068	0.000017
13.218187	0.649478	0.010265	0.001056	0.000018
13.244062	0.649354	0.010300	0.001056	0.000018
13.269938	0.663968	0.009291	0.001030	0.000016
13.295813	0.663146	0.009809	0.001032	0.000017
13.321687	0.667460	0.009431	0.001024	0.000016
13.347562	0.669101	0.009554	0.001021	0.000017
13.373437	0.670493	0.009826	0.001019	0.000017
13.399313	0.671407	0.009501	0.001017	0.000016
13.425187	0.668755	0.010068	0.001022	0.000017
13.451062	0.677611	0.009333	0.001007	0.000016
13.476937	0.671581	0.009480	0.001017	0.000016
13.502813	0.682779	0.009425	0.000998	0.000016
13.528688	0.677304	0.009771	0.001007	0.000017
13.554562	0.668912	0.009697	0.001022	0.000017
13.580437	0.683584	0.009652	0.000997	0.000016
13.606313	0.675254	0.010753	0.001011	0.000018
13.632188	0.690786	0.010030	0.000985	0.000017
13.658062	0.695237	0.009499	0.000977	0.000016
13.683937	0.690190	0.010386	0.000986	0.000017
13.709812	0.683711	0.009880	0.000996	0.000017
13.735688	0.690871	0.009629	0.000984	0.000016
13.761563	0.697979	0.009927	0.000973	0.000016
13.787437	0.678751	0.009083	0.001005	0.000015
13.813312	0.678005	0.009608	0.001006	0.000016
13.839188	0.678685	0.009402	0.001005	0.000016
13.865063	0.682807	0.009718	0.000998	0.000016
13.890937	0.671815	0.008962	0.001017	0.000015
13.916812	0.679813	0.009404	0.001003	0.000016
13.942687	0.668169	0.009665	0.001023	0.000017
13.968563	0.673917	0.009124	0.001013	0.000016
13.994438	0.670511	0.009272	0.001019	0.000016
14.020312	0.648338	0.009476	0.001058	0.000017
14.046187	0.660516	0.009225	0.001036	0.000016
14.072063	0.659567	0.008577	0.001038	0.000015
14.097938	0.654219	0.009666	0.001047	0.000017
14.123812	0.653947	0.008944	0.001048	0.000016
14.149687	0.652173	0.009702	0.001051	0.000017
14.175562	0.650727	0.009863	0.001054	0.000018
14.201438	0.634462	0.009628	0.001083	0.000018
14.227313	0.638090	0.008814	0.001076	0.000016
14.253187	0.636673	0.009709	0.001079	0.000018
14.279062	0.627230	0.009287	0.001096	0.000017
14.304938	0.640797	0.008848	0.001072	0.000016
14.330813	0.640334	0.009437	0.001072	0.000017
14.356687	0.636401	0.008492	0.001080	0.000016
14.382562	0.623820	0.009585	0.001103	0.000018
14.408437	0.617786	0.008793	0.001114	0.000017
14.434313	0.622294	0.009552	0.001106	0.000018
14.460187	0.624731	0.009502	0.001101	0.000018
14.486062	0.615215	0.008519	0.001119	0.000016
14.511937	0.620165	0.009202	0.001110	0.000017
14.537813	0.622352	0.009140	0.001105	0.000017
14.563688	0.621385	0.008698	0.001107	0.000016
14.589562	0.620675	0.009255	0.001109	0.000017
14.615437	0.613163	0.008820	0.001123	0.000017
14.641312	0.607783	0.008623	0.001133	0.000017
14.667188	0.603393	0.009282	0.001142	0.000018
14.693062	0.613575	0.009551	0.001122	0.000018
14.718937	0.599272	0.008943	0.001150	0.000017
14.744812	0.611509	0.008962	0.001126	0.000017
14.770688	0.594856	0.008708	0.001158	0.000017
14.796563	0.582082	0.008564	0.001183	0.000017
14.822437	0.592737	0.008920	0.001162	0.000018
14.848312	0.577089	0.007850	0.001193	0.000016
14.874187	0.591973	0.007896	0.001164	0.000016
14.900063	0.580560	0.008380	0.001186	0.000017
14.925937	0.578411	0.008217	0.001191	0.000017
14.951812	0.573587	0.007737	0.001201	0.000016
14.977687	0.576143	0.008745	0.001195	0.000018
15.003563	0.571034	0.008155	0.001206	0.000017
15.029438	0.568120	0.008425	0.001212	0.000017
15.055312	0.567934	0.008469	0.001212	0.000017
15.081187	0.559533	0.008267	0.001229	0.000017
15.107062	0.561290	0.009163	0.001226	0.000019
15.132938	0.560586	0.008749	0.001227	0.000018
15.158812	0.550095	0.008539	0.001249	0.000018
15.184687	0.549339	0.008539	0.001251	0.000018
15.210562	0.543795	0.008284	0.001263	0.000018
15.236438	0.547409	0.008168	0.001255	0.000017
15.262313	0.552114	0.008941	0.001245	0.000019
15.288187	0.549258	0.008067	0.001251	0.000017
15.314062	0.550057	0.008021	0.001249	0.000017
15.339937	0.539736	0.008008	0.001271	0.000017
15.365813	0.546983	0.007756	0.001256	0.000017
15.391687	0.540993	0.008100	0.001269	0.000017
15.417562	0.542002	0.007461	0.001267	0.000016
15.443437	0.541443	0.008108	0.001268	0.000017
15.469313	0.536887	0.008162	0.001278	0.000018
15.495188	0.544990	0.008172	0.001260	0.000017
15.521062	0.528959	0.007415	0.001295	0.000016
15.546937	0.530220	0.008392	0.001292	0.000018
15.572813	0.544150	0.008283	0.001262	0.000018
15.598688	0.533389	0.008449	0.001285	0.000018
15.624562	0.524403	0.008308	0.001305	0.000018
15.650437	0.523539	0.008151	0.001307	0.000018
15.676312	0.527086	0.008798	0.001299	0.000019
15.702188	0.527860	0.008262	0.001297	0.000018
15.728063	0.517506	0.008112	0.001320	0.000018
15.753937	0.513247	0.008630	0.001330	0.000019
15.779812	0.524893	0.008195	0.001304	0.000018
15.805688	0.516409	0.007945	0.001323	0.000018
15.831563	0.509539	0.007897	0.001338	0.000018
15.857437	0.524066	0.008139	0.001306	0.000018
15.883312	0.512930	0.007761	0.001330	0.000018
15.909187	0.516714	0.007684	0.001322	0.000017
15.935063	0.511638	0.007520	0.001333	0.000017
15.960938	0.511782	0.008005	0.001333	0.000018
15.986812	0.514940	0.008262	0.001326	0.000019
16.012687	0.507149	0.007974	0.001343	0.000018
16.038563	0.500281	0.008028	0.001359	0.000018
16.064438	0.503937	0.008359	0.001351	0.000019
16.090312	0.501409	0.008268	0.001357	0.000019
16.116187	0.490090	0.007989	0.001383	0.000019
16.142062	0.491967	0.007734	0.001378	0.000018
16.167938	0.488436	0.007913	0.001387	0.000019
16.193812	0.498787	0.008320	0.001363	0.000019
16.219687	0.497556	0.007524	0.001365	0.000017
16.245562	0.492790	0.007852	0.001376	0.000018
16.271438	0.481327	0.007728	0.001403	0.000018
16.297313	0.481881	0.007094	0.001402	0.000017
16.323187	0.485269	0.007431	0.001394	0.000018
16.349062	0.475464	0.007496	0.001417	0.000018
16.374937	0.476359	0.007135	0.001415	0.000017
16.400813	0.483134	0.006608	0.001399	0.000016
16.426687	0.470925	0.007282	0.001428	0.000018
16.452562	0.465551	0.007391	0.001441	0.000018
16.478437	0.466448	0.007687	0.001439	0.000019
16.504313	0.466384	0.007359	0.001439	0.000018
16.530188	0.448231	0.006861	0.001484	0.000017
16.556062	0.461604	0.007611	0.001451	0.000019
16.581937	0.457482	0.007389	0.001461	0.000018
16.607812	0.449777	0.007726	0.001480	0.000019
16.633688	0.457464	0.007601	0.001461	0.000019
16.659562	0.442702	0.008160	0.001498	0.000021
16.685437	0.449036	0.007364	0.001482	0.000018
16.711312	0.445819	0.007942	0.001490	0.000020
16.737188	0.447343	0.007193	0.001487	0.000018
16.763063	0.448409	0.007350	0.001484	0.000018
16.788937	0.445196	0.006807	0.001492	0.000017
16.814812	0.448813	0.007516	0.001483	0.000019
16.840687	0.439068	0.007629	0.001508	0.000019
16.866563	0.427958	0.006818	0.001536	0.000018
16.892437	0.425547	0.007068	0.001542	0.000018
16.918312	0.420921	0.006681	0.001555	0.000018
16.944187	0.415089	0.007183	0.001570	0.000019
16.970063	0.428213	0.006832	0.001535	0.000018
16.995938	0.419476	0.007115	0.001558	0.000019
17.021812	0.414639	0.006841	0.001571	0.000018
17.047687	0.404481	0.007090	0.001598	0.000019
17.073562	0.405547	0.007259	0.001595	0.000020
17.099438	0.399378	0.006761	0.001612	0.000018
17.125312	0.391411	0.006965	0.001634	0.000019
17.151187	0.387004	0.008236	0.001646	0.000023
17.177062	0.395750	0.008085	0.001622	0.000022
17.202938	0.403297	0.007398	0.001602	0.000020
17.228813	0.378453	0.007658	0.001670	0.000022
17.254687	0.389150	0.007553	0.001640	0.000021
17.280562	0.377383	0.007012	0.001673	0.000020
17.306437	0.376804	0.006366	0.001675	0.000018
17.332313	0.371498	0.007099	0.001690	0.000020
17.358187	0.374384	0.007312	0.001682	0.000021
17.384062	0.379188	0.006970	0.001668	0.000020
17.409937	0.373997	0.007256	0.001683	0.000021
17.435813	0.367666	0.006567	0.001701	0.000019
17.461688	0.361850	0.006529	0.001718	0.000019
17.487562	0.362730	0.007252	0.001715	0.000021
17.513437	0.348683	0.006772	0.001757	0.000020
17.539313	0.358332	0.006870	0.001728	0.000020
17.565188	0.351257	0.007069	0.001749	0.000021
17.591062	0.358979	0.007477	0.001726	0.000022
17.616937	0.347841	0.007413	0.001759	0.000022
17.642812	0.348884	0.007368	0.001756	0.000022
17.668688	0.343310	0.007473	0.001773	0.000022
17.694562	0.349132	0.007240	0.001755	0.000022
17.720437	0.350470	0.006932	0.001751	0.000021
17.746312	0.323595	0.006964	0.001833	0.000022
17.772188	0.330557	0.007540	0.001811	0.000023
17.798063	0.330975	0.007031	0.001810	0.000022
17.823937	0.325604	0.006298	0.001827	0.000019
17.849812	0.317224	0.007269	0.001853	0.000023
17.875687	0.316749	0.006992	0.001854	0.000022
17.901563	0.320744	0.007053	0.001842	0.000022
17.927437	0.316776	0.007078	0.001854	0.000022
17.953312	0.317882	0.007032	0.001851	0.000022
17.979187	0.312633	0.007198	0.001867	0.000023
18.005063	0.306807	0.006874	0.001886	0.000022
18.030938	0.293855	0.007148	0.001927	0.000023
18.056812	0.304422	0.008106	0.001893	0.000026
18.082687	0.305863	0.007186	0.001889	0.000023
18.108562	0.289046	0.008023	0.001943	0.000026
18.134438	0.297219	0.007625	0.001917	0.000025
18.160312	0.289673	0.007938	0.001941	0.000026
18.186187	0.293945	0.007812	0.001927	0.000025
18.212062	0.302468	0.007443	0.001900	0.000024
18.237938	0.290718	0.007640	0.001938	0.000025
18.263813	0.295923	0.007862	0.001921	0.000026
18.289687	0.290932	0.007570	0.001937	0.000025
18.315562	0.289606	0.006948	0.001941	0.000023
18.341437	0.292059	0.007273	0.001933	0.000024
18.367313	0.290940	0.007000	0.001937	0.000023
18.393187	0.292587	0.006918	0.001932	0.000023
18.419062	0.285882	0.007239	0.001954	0.000024
18.444937	0.297105	0.007091	0.001917	0.000023
18.470813	0.283895	0.006708	0.001960	0.000022
18.496688	0.296919	0.007303	0.001917	0.000024
18.522562	0.292079	0.007498	0.001933	0.000024
18.548437	0.289620	0.007231	0.001941	0.000024
18.574312	0.283726	0.007998	0.001961	0.000027
18.600188	0.285161	0.007974	0.001956	0.000026
18.626062	0.281600	0.007937	0.001968	0.000026
18.651937	0.287122	0.007825	0.001950	0.000026
18.677812	0.285443	0.006982	0.001955	0.000023
18.703687	0.282740	0.007862	0.001964	0.000026
18.729563	0.283895	0.007310	0.001960	0.000024
18.755437	0.278161	0.007713	0.001979	0.000026
18.781312	0.285846	0.007689	0.001954	0.000025
18.807187	0.268953	0.006732	0.002010	0.000023
18.833062	0.277666	0.007507	0.001981	0.000025
18.858937	0.283824	0.007248	0.001960	0.000024
18.884812	0.280219	0.007270	0.001972	0.000024
18.910687	0.267155	0.006902	0.002017	0.000024
18.936562	0.269566	0.007175	0.002008	0.000024
18.962438	0.264808	0.007684	0.002025	0.000026
18.988312	0.262896	0.007353	0.002031	0.000025
19.014187	0.260811	0.007510	0.002038	0.000026
19.040062	0.274340	0.007857	0.001992	0.000026
19.065937	0.266473	0.007714	0.002019	0.000026
19.091812	0.253848	0.007207	0.002062	0.000025
19.117687	0.262587	0.007631	0.002032	0.000026
19.143562	0.263225	0.008275	0.002030	0.000028
19.169437	0.258291	0.007671	0.002047	0.000027
19.195312	0.260443	0.008050	0.002040	0.000028
19.221187	0.262362	0.006895	0.002033	0.000024
19.247062	0.257532	0.007630	0.002050	0.000026
19.272937	0.267703	0.007467	0.002015	0.000025
19.298812	0.251281	0.007319	0.002071	0.000026
19.324687	0.258339	0.007915	0.002047	0.000027
19.350562	0.270583	0.007466	0.002005	0.000025
19.376437	0.251859	0.007537	0.002069	0.000026
19.402312	0.255994	0.007611	0.002055	0.000026
19.428187	0.255754	0.007775	0.002056	0.000027
19.454062	0.260599	0.007151	0.002039	0.000025
19.479937	0.248874	0.007020	0.002080	0.000025
19.505812	0.248617	0.007234	0.002081	0.000026
19.531687	0.236351	0.007773	0.002124	0.000028
19.557562	0.242764	0.007868	0.002102	0.000028
19.583437	0.242333	0.008473	0.002103	0.000030
19.609312	0.238131	0.007748	0.002118	0.000028
19.635187	0.229356	0.008954	0.002150	0.000032
19.661062	0.224294	0.008192	0.002168	0.000030
19.686937	0.233662	0.008000	0.002134	0.000029
19.712812	0.223371	0.007930	0.002172	0.000029
19.738687	0.228493	0.007519	0.002153	0.000027
19.764562	0.222218	0.008305	0.002176	0.000031
19.790437	0.224727	0.008025	0.002167	0.000029
19.816312	0.216080	0.007652	0.002199	0.000028
19.842187	0.213939	0.007451	0.002207	0.000028
19.868062	0.216937	0.008101	0.002195	0.000030
19.893937	0.225859	0.007927	0.002163	0.000029
19.919812	0.214309	0.007845	0.002205	0.000029
19.945687	0.208526	0.007328	0.002227	0.000028
19.971562	0.220271	0.007892	0.002183	0.000029
19.997437	0.214919	0.007347	0.002203	0.000027
20.023312	0.200475	0.007483	0.002257	0.000029
20.049187	0.206857	0.007932	0.002233	0.000030
20.075062	0.203253	0.008710	0.002247	0.000033
20.100937	0.199494	0.008177	0.002261	0.000031
20.126812	0.207047	0.007762	0.002232	0.000029
20.152687	0.193779	0.008243	0.002283	0.000032
20.178562	0.191599	0.008231	0.002292	0.000032
20.204437	0.202431	0.007479	0.002250	0.000028
20.230313	0.189248	0.008050	0.002301	0.000031
20.256187	0.193351	0.007724	0.002285	0.000030
20.282062	0.190144	0.007659	0.002297	0.000030
20.307937	0.188332	0.007858	0.002304	0.000031
20.333812	0.177134	0.008655	0.002348	0.000034
20.359687	0.175442	0.007474	0.002355	0.000030
20.385562	0.182000	0.007687	0.002329	0.000030
20.411437	0.182312	0.007869	0.002328	0.000031
20.437312	0.173202	0.007545	0.002364	0.000030
20.463188	0.176892	0.007618	0.002349	0.000030
20.489062	0.168508	0.007633	0.002383	0.000031
20.514937	0.166256	0.008060	0.002392	0.000033
20.540812	0.170891	0.008285	0.002373	0.000033
20.566687	0.159300	0.007667	0.002420	0.000031
20.592562	0.168169	0.008454	0.002384	0.000034
20.618437	0.159650	0.008296	0.002419	0.000034
20.644312	0.155410	0.007866	0.002436	0.000032
20.670187	0.152936	0.007915	0.002447	0.000033
20.696063	0.161326	0.008428	0.002412	0.000034
20.721937	0.146347	0.008406	0.002474	0.000035
20.747812	0.141955	0.008117	0.002492	0.000034
20.773687	0.150092	0.008188	0.002458	0.000034
20.799562	0.139724	0.008197	0.002502	0.000035
20.825437	0.141564	0.008019	0.002494	0.000034
20.851312	0.148645	0.008188	0.002464	0.000034
20.877187	0.139272	0.007885	0.002504	0.000033
20.903062	0.144559	0.007888	0.002481	0.000033
20.928937	0.132995	0.007860	0.002531	0.000034
20.954812	0.145417	0.007585	0.002478	0.000032
20.980687	0.128300	0.008159	0.002551	0.000035
21.006562	0.132103	0.008537	0.002534	0.000037
21.032437	0.136201	0.008031	0.002517	0.000034
21.058312	0.131220	0.007940	0.002538	0.000034
21.084187	0.125331	0.008237	0.002564	0.000036
21.110062	0.127023	0.009000	0.002556	0.000039
21.135937	0.122761	0.008540	0.002575	0.000037
21.161812	0.132704	0.008948	0.002532	0.000038
21.187687	0.125308	0.008302	0.002564	0.000036
21.213562	0.127518	0.008715	0.002554	0.000038
21.239437	0.118611	0.008914	0.002593	0.000039
21.265312	0.124376	0.008977	0.002568	0.000039
21.291187	0.119745	0.008006	0.002588	0.000035
21.317062	0.125904	0.008531	0.002561	0.000037
21.342937	0.113585	0.008276	0.002615	0.000037
21.368812	0.116167	0.008918	0.002604	0.000039
21.394687	0.116146	0.009192	0.002604	0.000040
21.420562	0.119444	0.008170	0.002589	0.000036
21.446437	0.113136	0.008113	0.002617	0.000036
21.472312	0.124268	0.008321	0.002568	0.000036
21.498187	0.122018	0.008601	0.002578	0.000037
21.524062	0.113967	0.008451	0.002613	0.000037
21.549937	0.115744	0.008960	0.002605	0.000039
21.575812	0.111480	0.009003	0.002624	0.000040
21.601687	0.112796	0.009122	0.002619	0.000040
21.627562	0.120600	0.009391	0.002584	0.000041
21.653437	0.115225	0.008827	0.002608	0.000039
21.679312	0.116117	0.009426	0.002604	0.000041
21.705187	0.110374	0.009396	0.002629	0.000042
21.731062	0.114112	0.009523	0.002613	0.000042
21.756937	0.109766	0.009184	0.002632	0.000041
21.782812	0.112260	0.008825	0.002621	0.000039
21.808687	0.105798	0.009175	0.002650	0.000041
21.834562	0.108070	0.009198	0.002640	0.000041
21.860437	0.109777	0.009067	0.002632	0.000040
21.886312	0.104970	0.008787	0.002653	0.000039
21.912187	0.106160	0.009315	0.002648	0.000042
21.938062	0.096522	0.008152	0.002692	0.000037
21.963937	0.098356	0.008928	0.002683	0.000040
21.989812	0.085746	0.009134	0.002741	0.000042
22.015687	0.098009	0.009043	0.002685	0.000041
22.041562	0.088353	0.009372	0.002729	0.000043
22.067437	0.084382	0.009042	0.002747	0.000042
22.093312	0.084961	0.009533	0.002745	0.000044
22.119187	0.073678	0.009317	0.002798	0.000044
22.145062	0.080052	0.008815	0.002768	0.000041
22.170937	0.075338	0.009542	0.002790	0.000045
22.196813	0.070929	0.009595	0.002811	0.000046
22.222687	0.076265	0.009599	0.002785	0.000045
22.248562	0.075709	0.009624	0.002788	0.000045
22.274437	0.068395	0.009381	0.002823	0.000045
22.300312	0.072762	0.009646	0.002802	0.000046
22.326187	0.057522	0.009946	0.002875	0.000048
22.352062	0.068800	0.009595	0.002821	0.000046
22.377937	0.064137	0.009262	0.002843	0.000045
22.403812	0.054461	0.009567	0.002890	0.000047
22.429688	0.051458	0.009206	0.002905	0.000045
22.455562	0.048538	0.009494	0.002919	0.000047
22.481437	0.048768	0.009317	0.002918	0.000046
22.507312	0.042149	0.009305	0.002951	0.000046
22.533187	0.052489	0.009289	0.002900	0.000045
22.559062	0.037649	0.010026	0.002974	0.000050
22.584937	0.033556	0.009489	0.002994	0.000048
22.610812	0.033483	0.009379	0.002995	0.000047
22.636687	0.027861	0.010414	0.003023	0.000053
22.662562	0.029713	0.010057	0.003014	0.000051
22.688437	0.022834	0.009792	0.003049	0.000050
22.714312	0.036611	0.009830	0.002979	0.000049
22.740187	0.025935	0.010637	0.003033	0.000054
22.766062	0.029508	0.010093	0.003015	0.000051
22.791937	0.033060	0.010205	0.002997	0.000052
22.817812	0.029021	0.010352	0.003017	0.000053
22.843687	0.033902	0.010007	0.002993	0.000051
22.869562	0.029067	0.010142	0.003017	0.000052
22.895437	0.027316	0.009839	0.003026	0.000050
22.921312	0.041151	0.009650	0.002956	0.000048
22.947187	0.029807	0.010641	0.003013	0.000054
22.973062	0.035974	0.010489	0.002982	0.000053
22.998937	0.026509	0.010111	0.003030	0.000052
23.024812	0.025185	0.010478	0.003037	0.000054
23.050687	0.027468	0.010017	0.003025	0.000051
23.076562	0.028756	0.011258	0.003019	0.000057
23.102437	0.028826	0.011695	0.003018	0.000059
23.128312	0.022430	0.011259	0.003051	0.000058
23.154187	0.015709	0.012246	0.003086	0.000064
23.180062	0.043879	0.013043	0.002942	0.000065
23.205937	0.025679	0.013297	0.003034	0.000068
23.231812	0.010047	0.014243	0.003116	0.000075
23.257687	0.014767	0.016272	0.003091	0.000085
23.283562	0.008428	0.018123	0.003124	0.000096
23.309437	0.017737	0.021139	0.003076	0.000108
23.335312	0.005796	0.023596	0.003138	0.000125
23.361187	0.002322	0.029457	0.003157	0.000156
23.387062	0.000000	0.034316	0.003169	0.000185
#Window		Free	+/-	
#0	0.000000	0.000000
#1	-0.252806	0.003116
#2	-0.355670	0.004747
#3	-0.216662	0.005843
#4	-0.035969	0.007242
#5	0.088480	0.007956
#6	0.157860	0.008650
#7	0.162891	0.009598
#8	0.118592	0.010068
#9	0.072613	0.010492
#10	0.032851	0.011196
#11	0.003468	0.011721
#12	-0.035606	0.012122
#13	-0.082916	0.012486
#14	-0.138935	0.012850
#15	-0.190148	0.013375
#16	-0.218089	0.013771
#17	-0.236359	0.014222
#18	-0.256913	0.014956
#19	-0.293443	0.015391
#20	-0.331092	0.015402
#21	-0.368807	0.015662
#22	-0.389825	0.016094
#23	-0.409260	0.016644
#24	-0.452648	0.016870
#25	-0.478083	0.017380
#26	4.871573	0.013351
#27	1.761264	0.013256
#28	1.572005	0.013131
#29	2.731338	0.012498
#30	3.783487	0.011978
#31	3.762256	0.011014
#32	3.007764	0.010489
#33	2.411855	0.009925
#34	2.044991	0.009216
#35	1.982454	0.008388
#36	1.931708	0.007611
#37	1.451519	0.007245
#38	0.959517	0.006364
#39	0.531338	0.004848
#40	0.209054	0.003313
